1947541026 454827174 151424508
2368626375 2974348911 49282632
1180361458 1899400011 39609082
680762316 1808139816 91260195
3146089823 3660401583 124406340
1750346896 411180537 43646637
812988815 228261758 177656250
1318675555 1023120195 274976204
1593651759 866425058 156695137
3971733879 2669799085 75517075
3655228757 4176552157 118415139
3441507492 3915100392 170047342
3888713098 2412300298 83020781
552417940 99917382 128344376
1799256062 1298096399 110644443
0 825619231 40805827
123867918 1939009093 176811732
3835793763 4085147734 52919335
300679650 1712674949 32370741
772022511 1598457235 40966304
1219970540 1639423539 73251410
3297826708 3784807923 40826594
1793993533 405918008 5262529
3056623948 3825634517 89465875
3773643896 3023631543 62149867
1909900505 1770499295 37640521
40805827 16855291 83062091
2417909007 2745316160 229032751
3611554834 2368626375 43673923
2646941758 4138067069 38485088
4047250954 2598175269 71623816
3338653302 2495321079 102854190
2685426846 3279231811 71633749
4118874770 3085781410 165769241
3028942788 3251550651 27681160
333050391 606251682 219367549
2757060595 3388519390 271882193
1293221950 1745045690 25453605
3270496163 3350865560 27330545
4284644011 3378196105 10323285
990645065 1408740842 189716393
2098965534 0 16855291