3884798542 3179257010 5536030
2221366309 1722332134 176062455
550850442 2239976316 812984276
1811481549 3100760963 78496047
2640090257 457193060 313876206
2495814208 2197536573 42439743
3995825312 1898394589 299141984
3754849534 3407613625 129949008
3890334572 3302122885 105490740
1889977596 771069266 255516805
3300733900 3052960592 47800371
3497312635 4294682795 284501
3348534271 3830987352 148778364
3181367714 3537562633 118078810
2397428764 3655641443 98385444
2563129792 3754026887 11234150
3497597136 3279737798 22385087
2538253951 1249809462 24875841
2953966463 4067281544 227401251
2145494401 3979765716 75871908
1363834718 1274685303 447646831
457193060 3184793040 93657382
3519982223 4055637624 11643920
2574363942 3765261037 65726315
3299446524 3278450422 1287376
3531626143 1026586071 223223391