3438795585 3489901885 246180709
2207634271 2882741084 20404178
2921657379 3093830975 5578539
3684976294 494116589 47356386
3924272359 3740035076 65483093
501906244 2178419272 30310459
1234683323 1988217660 166809869
1901474422 3380297447 5929907
1561485292 902794130 43191607
3740035076 4064176085 35875061
1756130945 2337296126 107889556
1631134020 2212299201 124996925
3775910137 4100051146 148362222
1907404329 355795024 25976339
98608320 1132323727 78740039
177348359 323563608 17306027
3181146272 2546033985 176714999
1135867625 395300891 98815698
1604676899 381771363 13529528
1062398411 3348792067 31505380
1933380668 1211063766 135031541
4152704827 4248413368 14047124
2231607919 3386227354 49301269
2068412209 1349845221 139222062
1618206427 0 12927593
4166751951 3935960740 128215345
4055852131 3871614848 64345892
1093903791 340869635 14925389
2280909188 93861907 229701701
252523691 3099409514 249382553
194654386 640081295 34477562
2228038449 2208729731 3569470
2927235918 674558857 8851379
3989755452 3805518169 66096679
3732332680 1346095307 3749914
229131948 2155027529 23391743
1108829180 945985737 27038445
2510610889 683410236 219383894
2729994783 973024182 159299545
2936087297 2903145262 190685713
2889294328 1489067283 32363051
4120198023 4262460492 32506804
633065006 1558884255 429333405
3126773010 3435528623 54373262
0 541472975 98608320
3357861271 12927593 80934314
532216703 2445185682 100848303
1401493192 2722748984 159992100
1864020501 1521430334 37453921