1042511941 613297634 21380371
1338560988 2467432579 195807105
1689790100 2663239684 5147838
1534368093 1255646654 123554085
1657922178 472280060 31867922
1063892312 634678005 22101508
3020373353 2743804882 227587056
3354622010 3207836814 51442173
279315000 1414949840 172148078
2333443661 0 36016786
2656069043 859373847 9250148
81520987 1873230878 37317266
2452902712 868623995 174257482
2665319191 1042881477 3068331
1085993820 504147982 109149652
1875725935 36016786 328594859
3247960409 4062312657 86516416
2743804882 3833392893 10707972
2204320794 2254867447 129122867
1302811887 1379200739 35749101
3930773544 4267797728 7024383
4056766582 3259278987 238200714
1195143472 364611645 107668415
0 656779513 81520987
2369460447 2383990314 83442265
3334476825 4274822111 20145185
451463078 1910548144 344319303
811683287 1642402224 230828654
2754512854 3160188107 47648707
2802161561 3844100865 218211792
3741977375 2971391938 188796169
2627160194 1226737805 28908849
3406064183 3497479701 245403322
795782381 843472941 15900906
174142559 738300500 105172441
1694937938 1045949808 180787997
3651467505 3742883023 90509870
3937797927 4148829073 118968655
118838253 1587097918 55304306