1069022530 222696536 26137468
509774651 1001927432 264687540
2799496570 4178737505 91960917
2622746937 2920297784 87218886
998047684 72317843 70974846
20975330 248834004 16650836
1516625244 2418736444 445891562
867141089 265484840 130906595
1452450963 1912658188 64174281
2891457487 2382365765 36370679
837778702 42955456 29362387
3824593525 1874523410 38134778
87390794 857485915 142625628
3874640725 2075355481 18387003
774462191 529657635 63316511
3607044420 4131300557 47436948
2288390345 3657176164 11501412
3042932184 1976832469 64291113
2947540744 4035909117 95391440
87126518 42691180 264276
1425451487 3765808292 26999476
3893027728 3579750125 77426039
2203098143 3680516090 85292202
3992272144 3274151418 290856638
2927828166 4033389105 2520012
278763375 464023676 18702895
3114215141 1527053163 335557825
3654481368 3014508514 170112157
2930348178 3565008056 14742069
230016422 482726571 46931064
3970453767 4270698422 21818377
4283128782 3668677576 11838514
1223923792 0 42691180
3505442744 1425451487 101601676
2709965823 3184620671 89530747
1174563845 737650286 49359947
3862728303 1862610988 11912422
37626166 787010233 49500352
3449772966 2864628006 55669778
297466270 592974146 144676140
2334123656 2093742484 288623281
2945090247 4292516799 2450497
1095159998 143292689 79403847
3107223297 3007516670 6991844
0 836510585 20975330
2299891757 2041123582 34231899
276947486 1000111543 1815889
442142410 396391435 67632241
1962516806 3792807768 240581337